objects:
- InfinitePlane: {(0.000000, -2.000000, 0.000000);(0.000000, 1.000000, 0.000000);(0.100000, 0.100000, 0.600000);0;}
- InfinitePlane: {(-6.000000, -6.000000, -6.000000);(1.500000, 0.000000, 1.000000);(0.600000, 0.600000, 0.600000);0.1;}
- InfinitePlane: {(-10.000000, -10.000000, -10.000000);(0.000000, 0.000000, 1.000000);(0.600000, 0.600000, 0.600000);0.1;}
- InfinitePlane: {(25.000000, 25.000000, 25.000000);(-1.500000, 0.000000, -1.000000);(0.300000, 0.300000, 0.300000);0;}
- InfinitePlane: {(25.000000, 25.000000, 25.000000);(0.000000, 0.000000, -1.000000);(0.300000, 0.300000, 0.300000);0;}
- Disc: {(0.000000, -1.990000, -4.500000);(0.000000, 1.000000, 0.000000);2.4;(0.700000, 0.700000, 0.700000);0.1;}
sources:
- Source: {(-1.000000, 5.000000, -2.500000);0.8;}
- Source: {(0.000000, 0.000000, 1.000000);0.01;}
EOF:
